==== ====
==== Mapbox 1000 points ====
==== ====

repeated: 100

markers: [65, 54, 63, 55, 56, 57, 50, 53, 50, 51, 50, 54, 65, 54, 51, 55, 52, 66, 52, 53, 56, 51, 53, 51, 52, 51, 57, 54, 52, 50, 52, 54, 52, 52, 54, 51, 60, 62, 53, 51, 51, 64, 55, 56, 52, 53, 51, 52, 52, 51, 53, 55, 54, 55, 54, 51, 53, 51, 52, 56, 56, 53, 51, 52, 50, 59, 62, 53, 55, 55, 51, 51, 54, 52, 53, 54, 56, 52, 53, 54, 69, 52, 50, 55, 52, 60, 60, 52, 53, 52, 51, 54, 62, 55, 55, 53, 52, 52, 51, 58]
markers average: 54.19

==== ====
==== // Mapbox 1000 points ====
==== ====





==== ====
==== Google Maps 1000 points ====
==== ====

repeated: 100

markers: [270, 288, 295, 284, 276, 253, 252, 277, 262, 290, 299, 281, 249, 274, 248, 280, 289, 264, 277, 270, 302, 264, 277, 277, 261, 291, 275, 282, 292, 302, 259, 286, 271, 283, 306, 267, 291, 288, 277, 297, 262, 313, 301, 264, 287, 294, 280, 300, 283, 308, 314, 285, 297, 283, 322, 297, 297, 296, 285, 295, 276, 283, 292, 287, 304, 306, 293, 298, 269, 293, 295, 294, 455, 316, 288, 302, 323, 303, 316, 301, 312, 308, 323, 294, 320, 292, 313, 302, 307, 312, 298, 293, 336, 318, 329, 315, 330, 294, 300, 306]
markers average: 292.85

==== ====
==== // Google Maps 1000 points ====
==== ====





==== ====
==== Mapbox 1000 different points ====
==== ====

repeated: 100

markers: [634, 443, 445, 427, 475, 444, 481, 412, 486, 407, 445, 429, 511, 408, 440, 443, 471, 418, 443, 428, 488, 407, 468, 456, 404, 399, 469, 416, 476, 445, 449, 429, 491, 449, 432, 420, 442, 432, 439, 430, 485, 403, 413, 420, 495, 450, 446, 460, 454, 442, 448, 431, 468, 424, 447, 415, 474, 412, 425, 438, 447, 459, 458, 490, 466, 453, 431, 436, 445, 451, 416, 473, 457, 416, 433, 403, 430, 446, 458, 431, 437, 425, 472, 423, 462, 425, 486, 448, 472, 449, 466, 458, 431, 419, 422, 480, 439, 397, 460, 450]
markers average: 446.01

icons: [538, 324, 448, 358, 352, 297, 329, 367, 351, 323, 339, 368, 380, 308, 350, 356, 363, 327, 355, 393, 355, 325, 328, 307, 399, 294, 326, 393, 347, 338, 341, 354, 348, 332, 322, 364, 372, 322, 377, 382, 354, 342, 343, 395, 419, 357, 351, 322, 410, 349, 376, 359, 353, 320, 343, 383, 345, 334, 351, 372, 298, 298, 343, 392, 341, 367, 358, 414, 322, 348, 376, 356, 330, 342, 376, 295, 353, 356, 353, 347, 349, 349, 344, 326, 284, 408, 379, 340, 347, 382, 363, 352, 363, 363, 421, 323, 368, 389, 336, 361]
icons average: 354.42
==== ====
==== // Mapbox 1000 different points ====
==== ====





==== ====
==== Google Maps 1000 different points ====
==== ====

repeated: 100

markers: [325, 376, 287, 305, 294, 283, 292, 289, 277, 285, 299, 309, 290, 297, 297, 295, 305, 289, 306, 282, 294, 303, 305, 312, 283, 295, 292, 294, 320, 291, 291, 311, 316, 306, 301, 320, 303, 315, 316, 306, 292, 330, 304, 324, 328, 308, 304, 321, 310, 303, 322, 310, 331, 305, 332, 333, 312, 315, 319, 341, 303, 312, 309, 326, 322, 308, 331, 326, 311, 324, 306, 323, 319, 345, 322, 314, 309, 337, 322, 323, 394, 331, 331, 321, 315, 343, 326, 322, 322, 320, 320, 337, 330, 324, 328, 332, 329, 344, 310, 360]
markers average: 314.31

icons: [1136, 1190, 1045, 1105, 1139, 1167, 1124, 1097, 1131, 1124, 1154, 1182, 1157, 1124, 1152, 1141, 1252, 1173, 1155, 1159, 1139, 1169, 1164, 1146, 1204, 1211, 1147, 1105, 1159, 1181, 1186, 1194, 1143, 1152, 1184, 1188, 1213, 1188, 1184, 1190, 1212, 1210, 1198, 1176, 1186, 1204, 1279, 1233, 1182, 1214, 1086, 1228, 1208, 1197, 1235, 1194, 1232, 1236, 1210, 1348, 1220, 1193, 1226, 1166, 1240, 1245, 1216, 1236, 1263, 1216, 1197, 1252, 1189, 1267, 1235, 1216, 1238, 1231, 1225, 1306, 1531, 1373, 1245, 1286, 1240, 1279, 1256, 1256, 1272, 1228, 1244, 1294, 1288, 1256, 1298, 1310, 1215, 1251, 1293, 1342]
icons average: 1209.56
==== ====
==== // Google Maps 1000 different points ====
==== ====